sampleID	shannon_div	simpson_div	chao_richness	shannon_evenness	obs_richness
E1-GP01-D1	4.753860408633146	0.028310855235118195	1187.2518797425262	0.6942341878860061	941.5457587327778
E1-GP01-D2	4.877963935299274	0.017643026050447812	749.0305361128077	0.7551834126642861	638.1466561350545
E1-GP01-D3	4.938346427676432	0.023800262024881454	919.8558694979176	0.7420497460599048	775.682014412268
E1-GP01-D4	4.4200546672612395	0.0324485431502908	594.7591224090557	0.7112893541683395	502.5852866261135
E1-GP01-D5	4.114113158525135	0.031906120821858355	295.34640723805614	0.7338729740936618	270.9402591472571
E1-GP01-D6	3.6097159192474173	0.05269343524738419	252.60945529457524	0.6777577620573101	205.56552793557663
E1-GP01-D7	3.3703228735188433	0.05644757339695969	113.1431896071459	0.7508829738729867	89.20667200765384
E1-GP02-D2	6.687119534218324	0.0016782220923959746	1184.1776993877459	0.9462011239398065	1172.4884019437334
E1-GP02-D3	0.9435998442780462	0.5299791107101566	85.06372806031173	0.2178910410229612	77.54604713855392
E1-GP02-D4	1.3552650515556248	0.3616511143312937	91.82920090330123	0.3276325241358089	64.06533588957342
E1-GP02-D5	0.9759629008173714	0.5065690144931813	22.731052867556915	0.326863154160002	20.229666910855528
E1-GP02-D6	1.1329548502863973	0.44108119678253094	95.23490917114313	0.27824957852921073	58.496940079637184
E1-GP02-D7	0.9804816154450435	0.4706270643645837	103.18337596598148	0.24133243684161576	58.941241351791895
E1-GP02-D8	2.9323742743864805	0.14131503815311341	133.95452305315416	0.6009486927980265	130.97070622137954
E1-GP03-D1	5.395645046140821	0.018477732296926716	1648.8770522372483	0.7493399756071696	1326.4570480357104
E1-GP03-D2	5.348723566434388	0.011790423705035377	1104.003721135404	0.782735330904397	924.9187258362838
E1-GP03-D3	4.839903817534163	0.027556650227346675	827.6536338597149	0.7386045122245979	706.8443229878128
E1-GP03-D4	4.962738429476947	0.014535102494801649	516.7959779697276	0.8074553738409536	466.5793739243845
E1-GP03-D5	3.4843228487773805	0.09570439050414349	138.32661623320777	0.7182844965210602	127.53914063806889
E1-GP03-D6	2.5493151530224196	0.13437400507461467	84.3280099507976	0.6432022996099205	52.87062631095641
E1-GP03-D7	4.167836301575542	0.029509128897665306	174.78419828134284	0.8148690905556993	167.02818833331355
E1-GP04-D2	6.718833670077228	0.001386283630732621	1182.4691170180997	0.9510583557616837	1170.0187243115352
E1-GP04-D3	1.6021949562361493	0.4326667957392375	84.9954445024958	0.3600429778728046	85.2161005142579
E1-GP04-D4	0.9638394811754313	0.539598622392936	74.34978700167821	0.24036394157767782	55.89415996761156
E1-GP04-D5	1.2666549805999991	0.4361056853089159	63.44964918060223	0.3258431124504404	48.36055238274555
E1-GP04-D6	1.3739604479347256	0.43268944589875485	114.80927434472007	0.31307511882753336	79.25206330281927
E1-GP04-D7	1.2666657388303821	0.4037880406667329	87.49295270438735	0.31333098301452034	56.269918804677346
E1-GP04-D8	2.722979629214163	0.21861230022984918	128.2006029094398	0.562785332799417	125.73952399738029
E1-GP05-D1	5.550191197613747	0.010558759633196049	1364.621484237598	0.7881104524766234	1144.940115286143
E1-GP05-D2	5.764316217255977	0.009862145447612752	1411.8630590154767	0.8148446395362486	1183.7108989048927
E1-GP05-D3	5.877458292577307	0.006062454681178721	1284.220964342792	0.8381708231739787	1105.3178784823367
E1-GP05-D4	5.623862839710445	0.00918628884148125	1069.082709617215	0.8210741927042481	940.7001243573637
E1-GP05-D5	5.332681849303752	0.010631918769167584	759.5690451008278	0.8160435239879122	690.4709253421499
E1-GP05-D6	5.165104993680791	0.011922949242046142	635.2987303368151	0.8140521715612317	568.9197452710022
E1-GP05-D7	3.2457974682115625	0.09675941959655639	172.19962670943798	0.677907592946505	120.5224892746437
E1-GP06-D2	6.0994130933018065	0.015057622101798056	1125.6370086542138	0.8665177021907725	1139.8318067927664
E1-GP06-D3	1.9458775189377753	0.38511395035912044	102.00212390027811	0.4244502364473577	97.46199866563914
E1-GP06-D4	1.8152007903980558	0.2725548561364885	139.41782268305272	0.3948788947543763	99.14333375903979
E1-GP06-D5	2.062903663224662	0.21702268156559187	164.38806344536297	0.433743490263488	118.16926288210104
E1-GP06-D6	1.8900630334938782	0.21547901891791862	95.13232645004474	0.4382602045155516	74.29495677237793
E1-GP06-D7	2.010027227658575	0.22609261089643756	196.79293002971875	0.41015670263300075	136.7641808858059
E1-GP06-D8	1.7507532521912772	0.2777880343952744	146.43000770887397	0.36268619883795916	125.92186924416579
E1-GP07-D1	4.783812612619288	0.02854591564195781	1027.4722241688162	0.7124927407128269	823.1951499583384
E1-GP07-D2	5.808898285084895	0.005605189070756456	1240.6359630119632	0.8367207284492847	1038.8140725641197
E1-GP07-D3	5.870349149866229	0.00510061078729141	1107.7344244526987	0.8536389364574155	969.0638117764362
E1-GP07-D4	5.541223497311698	0.007500567738434981	721.2053124169687	0.8537004929520207	660.9230109540514
E1-GP07-D5	5.280659451140303	0.00965935168144559	507.72558977223485	0.8544903307158203	483.0713106277554
E1-GP07-D6	5.1263812138355345	0.00912440952640513	362.47667353825636	0.8808535047741185	336.7858997829948
E1-GP07-D7	3.100774448696502	0.06448688179626266	284.995907860459	0.588316379534271	194.14061827214542
E1-GP08-D2	6.736236551601054	0.0013457541840463019	1191.7056396683859	0.9532535612358984	1173.907013560939
E1-GP08-D3	1.776836921771311	0.257187759898931	188.69000923709464	0.3493425761758375	161.36586699256205
E1-GP08-D4	1.7695284286869093	0.30562144189556767	172.67844148292133	0.3647779480089709	126.81308367108277
E1-GP08-D5	1.5468583131459226	0.3212177625154187	52.12002921786747	0.4082012378216028	44.99343317249003
E1-GP08-D6	2.044698268742384	0.2316177079319928	257.0096466664996	0.39160040312883626	184.37061944396783
E1-GP08-D7	1.7817864847684048	0.2532401505224633	233.33169972498956	0.36027212137851883	141.8711294593444
E1-GP08-D8	3.4381738300653986	0.10272572227389941	159.54734384259035	0.6783835903854509	157.75010125155828
E1-GP09-D1	4.7198779930671595	0.04233462611797978	1195.357386807253	0.6860732298689708	969.8883810143786
E1-GP09-D2	4.195190306580249	0.04911289310899583	728.7913091839542	0.6563223847395123	601.6106443756298
E1-GP09-D3	4.716328443703495	0.030651891945279584	721.7857335962317	0.7333057501976769	618.5582173327425
E1-GP09-D4	3.90330653862992	0.06599285561823809	543.0270199042985	0.6365737019421104	459.2469186232315
E1-GP09-D5	3.701893013223467	0.04878364337045357	342.7193382101006	0.6532024661479753	290.1395030535535
E1-GP09-D6	2.992849537690107	0.08362558487083571	193.16129659440563	0.6156597385301725	129.61296010052925
E1-GP09-D7	2.0734368178843434	0.16997593264795546	177.11296757808498	0.4474621459104682	105.71697805180003
E1-GP10-D4	6.7686606273505285	0.0019937818858488682	1450.130725818262	0.9344788907372272	1395.6246433287483
E1-GP10-D5	3.6424201559075287	0.029623156726836193	89.79893507786443	0.8464242623264836	73.74603645143884
E1-GP10-D8	0.9190291206622918	0.7435275471674917	147.858429835712	0.19058467910263793	124.47047678637927
E1-GP11-D1	3.4304537134091087	0.14663434345105553	849.4050623099018	0.5316792216768991	631.4231301201334
E1-GP11-D2	4.393860619517709	0.034727723580256435	622.8369772345982	0.7022568376327567	524.5590805452132
E1-GP11-D3	4.188839271232337	0.042936942986217294	522.0250562986635	0.6897923385428317	432.60737038382155
E1-GP11-D4	3.8826561414637477	0.051902285058065656	269.20764326908255	0.7095562362562431	239.81496539189803
E1-GP11-D5	3.1750411365916364	0.07533173466471792	81.02600800892144	0.7459067899508077	70.20262798958572
E1-GP12-D3	6.962436108120373	0.0010613119037904597	1634.9613933956891	0.94519791641634	1570.9167029149623
E1-GP12-D4	0.6289200108121783	0.8079411760291282	35.61403215344416	0.1810294802710774	31.50134782363101
E1-GP12-D5	0.5970359084379319	0.8464083567761223	97.4132402951416	0.13138733038186495	91.11288663563069
E1-GP12-D6	0.04145972901196489	0.9899904806486717	49.27299317109972	0.012754709767474112	25.514650642645368
E1-GP12-D7	0.012996689377796886	0.9965050076368869	31.78677762698585	0.005438421431826608	10.787801091011437
E1-GP12-D8	0.05447370437802829	0.9870789621642754	45.48519711949869	0.01627042912480653	27.545268262337725
E1-GP13-D1	4.214536728139972	0.057929517271156	1025.5289460152103	0.6318006561685847	796.046190981806
E1-GP13-D2	5.288110772376502	0.0200644601840176	1060.128782387651	0.7774710148288173	905.0935812526486
E1-GP13-D3	5.299060132286236	0.012743497164078223	983.9296953495058	0.7875938278474279	833.5334870953396
E1-GP13-D4	4.520837703071362	0.038307570915876415	475.9921093753102	0.7417398462931266	442.12889970178264
E1-GP13-D5	4.865884963774694	0.017907770583415025	383.3803927502407	0.8236732226826928	368.0511726244426
E1-GP13-D6	3.051427259692743	0.11485605298882456	189.42151228288995	0.6019294777322703	158.90199282592275
E1-GP13-D7	1.8436293798584962	0.3359119748022697	156.94162437140994	0.38037682208664625	125.5779163172139
E1-GP14-D2	2.378124696634564	0.12919007330190693	134.07622420741043	0.5354230351249187	85.74770829663258
E1-GP14-D3	7.026839698103617	0.0014660824170757763	2041.4453831420794	0.9323264117102221	1871.9633638814198
E1-GP14-D4	0.9009023984860434	0.48530125336244806	71.53857971770373	0.21483849565343482	66.02382531486009
E1-GP14-D5	0.664736034695936	0.6272241629733982	85.01058891664705	0.1748889197080553	43.41457313472721
E1-GP14-D6	0.5164094891061469	0.7304727563709575	22.605011661367033	0.18127488487541465	17.96942999141152
E1-GP14-D7	0.7203850784923808	0.6022658213674164	96.86698839625149	0.17938386429196618	54.42694524171035
E1-GP14-D8	0.4441318507932474	0.7583283778382267	38.33107926956824	0.1465805673689201	20.657419365795125
E1-GP15-D1	4.398313403013974	0.032981333597679054	712.046379499083	0.6919517088749128	578.4312738437368
E1-GP15-D2	5.097984029716018	0.017922704977406535	863.373310584085	0.7706212462708528	748.2342065662215
E1-GP15-D3	5.089356459235557	0.01450840519450505	829.5769670151573	0.7761748605791886	703.0900105771909
E1-GP15-D4	4.710773146871795	0.016483763462017742	424.36757340864955	0.7912799176237715	387.0101766815765
E1-GP15-D5	2.5810650724982915	0.13281513839277204	104.63015928674366	0.5916208018815532	77.96416131709017
E1-GP15-D6	2.8763550269977527	0.08711580561263846	87.24042237482209	0.7096319635783634	57.72309667127755
E1-GP16-D4	4.939725992820605	0.012770032671605442	219.24945821230844	0.9253364086028657	208.549132710478
E1-GP16-D5	4.661392716070069	0.016395146483921548	172.27765501610074	0.9080745477469853	169.67861175485842
E1-GP16-D8	4.340846820082294	0.018955892869204016	119.65495163036742	0.9006297209729427	123.60721873720853
E1-GP2-day2_rep1	6.857078601944472	0.0011173500806706833	1867.8977465006503	0.9163802262615448	1770.1761049272407
E1-GP2-day2_rep2	6.900699710478659	0.0011165462578834823	1938.2419908635748	0.919933896144342	1809.3733159831418
E1-GP2-day2_rep3	6.6084189698867055	0.001335080052518773	1298.1974135885935	0.9244763022275062	1273.4293335861971
E1-GP2-day3_rep1	0.8299441538431026	0.5263805015677699	62.547056282642245	0.21437306020799196	47.198971647366434
E1-GP2-day3_rep2	0.841373469453924	0.522657183603571	62.29392777654099	0.21660618745054383	49.32173428109298
E1-GP2-day5_rep1	1.1240422007180753	0.4438618414850307	43.25869875015464	0.3283564986122854	30.663679731395025
E1-GP2-day5_rep2	1.1323529093885318	0.44343427364639987	35.63363206229795	0.33526803879415756	29.29573003532859
E1-GP2-day5_rep3	1.144009560144125	0.44243300746888703	41.37940496121154	0.3274144813929761	33.86163048912868
E1-GP2-day8_rep1	1.1011532524944387	0.36649882545647805	26.9479611064413	0.36586974579243736	20.2954903688388
E1-GP2-day8_rep2	1.0607875847681612	0.3800056094764946	23.5449012586358	0.3653914853247653	17.950459614589814
E2-GP17-D1	4.742498081001118	0.016138022017089856	716.7192880210674	0.7463619739140943	571.1992591697472
E2-GP17-D2	5.539193708154536	0.007339591863386997	985.8985819994818	0.8269489839492414	817.0197000795725
E2-GP17-D3	4.8698013658567145	0.019776759214948127	863.9018847769136	0.7420690460110364	705.9630207622965
E2-GP17-D4	4.970878167761896	0.012295366681671863	557.1381069959496	0.8059087701047638	471.5613900976014
E2-GP17-D5	4.440763208023638	0.024835191268714384	393.06668474442444	0.7610487891296914	344.62023321466825
E2-GP17-D6	4.738316895200355	0.019000083244773473	378.65522342745584	0.8264457881565158	310.2000440351012
E2-GP17-D7	4.758928858746262	0.022897395901616865	396.27247599227184	0.8286146403392776	311.0504254489162
E2-GP18-D1	4.658878969147859	0.021046737062392976	777.2726646245516	0.7243660375444163	625.0392744399834
E2-GP18-D2	5.344572596276318	0.018622022250194156	1162.9800250835474	0.7773887637479416	963.8769078520354
E2-GP18-D3	5.034939782727129	0.016051216517024746	955.4675082176931	0.7564102394310734	782.6857014579537
E2-GP18-D4	4.6130692070651	0.02153968906820817	648.7425342457268	0.7354458642842823	522.0717054794758
E2-GP18-D5	4.73299729622603	0.016431054544095717	406.9596211591255	0.80897959096244	347.8059236145919
E2-GP18-D6	4.5030201613331435	0.027739185401331804	444.2600659527275	0.7587691189995286	378.89047358568536
E2-GP18-D7	4.672660096649295	0.019103266258574846	458.85078002776515	0.7901787229727149	369.8171425785595
E2-GP19-D1	4.888464382621255	0.016309419568717353	803.0747797578309	0.753293118668809	659.7172762124445
E2-GP19-D2	5.228946442145518	0.010710281110939752	912.210518449972	0.7895290074168058	750.3869469194407
E2-GP19-D3	4.523576010535391	0.025551449317789708	723.1461187522779	0.7096351190039707	586.2830691890989
E2-GP19-D4	4.08627606548238	0.0379299353905549	497.81639690267525	0.684901637288266	388.9361942615281
E2-GP19-D5	3.0476670641117334	0.09669945239094668	445.176915831847	0.5207041225223272	347.58440788057777
E2-GP19-D6	2.412377551352594	0.2883301692739648	313.34164376675005	0.43229344466970643	264.7498943677844
E2-GP19-D7	4.641848041339759	0.022868158977999122	318.3122504977452	0.8465022209206661	241.94200660815207
E2-GP20-D1	4.479804051457646	0.027817844242492458	711.9183413966159	0.7055641168892504	573.0242221096502
E2-GP20-D2	5.581177890463466	0.012719035538442797	1246.2158700506745	0.8034365498617636	1038.9019587522744
E2-GP20-D3	5.25979363040536	0.01215699648634749	1000.9731693991498	0.7842150417684568	817.372674854553
E2-GP20-D4	5.055017083909258	0.015320620467384152	832.569234865615	0.7759243720237997	674.4008807440133
E2-GP20-D5	4.675253655342811	0.020653156068470294	574.4132739974635	0.7547307340023329	487.0033035008515
E2-GP20-D6	4.139643721014018	0.037951940606981434	361.4010559863833	0.7197555092406656	313.5376670618652
E2-GP20-D7	4.553615772189316	0.021571753963950856	309.0159388985016	0.8115485584152545	274.8361064203926
E2-GP21-D1	2.6300205398078575	0.2398477800835317	356.62682700416127	0.4585309082119129	306.8910163857033
E2-GP21-D2	3.5475389235335215	0.07236426330469715	510.90473329539157	0.5961611446714734	380.8221946605749
E2-GP21-D3	3.495034227344715	0.05922654483776049	451.6929512125629	0.6015110869398685	336.5331387389582
E2-GP21-D4	2.9359241124431876	0.16577088810906465	406.65969620444304	0.5045268887130268	333.7996629482473
E2-GP21-D5	2.563157723544572	0.2394698814762265	387.1090583913689	0.44714823326412834	312.4938059784182
E2-GP21-D6	2.8869597158905185	0.19576450382021188	342.29775188372827	0.5077267016807083	292.91317619898734
E2-GP21-D7	2.3878064833295323	0.2899120783732898	307.94721243931946	0.43085054360144626	254.26757328844218
E2-GP22-D1	4.289520075112801	0.03782011809939036	609.7750136222239	0.6923349753351142	493.9131607782888
E2-GP22-D2	5.235414808642659	0.01331382765517224	928.1846996064485	0.7858605625403947	783.1797931537474
E2-GP22-D3	4.415246128907535	0.03267957840033668	685.3075563678724	0.696176014040801	568.3982851050852
E2-GP22-D4	3.7491329652942693	0.0619637550123977	501.05845826816187	0.6213541479295527	414.0877506947303
E2-GP22-D5	3.3857144119988827	0.08844842078302247	432.9172467475001	0.5742226503060216	364.3818049922258
E2-GP22-D6	5.002593496479534	0.020919576194793905	616.4837487565653	0.7941922455681951	547.3273240415706
E2-GP22-D7	4.711660443836337	0.019085086118214217	304.95644067174464	0.8487008112932901	256.3614924569951
E2-GP23-D1	3.0414693888696145	0.09580392452873543	421.0434639838755	0.5250833550687731	326.0670801886075
E2-GP23-D2	4.623594433631513	0.024645003826250057	667.6805370481841	0.7340164251952742	547.1666602143501
E2-GP23-D3	3.8332592854597554	0.050793356787044185	526.8513604918984	0.6309310532058987	434.67767173607393
E2-GP23-D4	3.646567563189199	0.0629583266786755	465.95322330376774	0.612932675596886	384.64263700154135
E2-GP23-D5	3.601705461820619	0.08338502931239847	338.69588409254237	0.6357890479796179	287.1438063632255
E2-GP23-D6	3.2673169207621084	0.16914043896129208	378.54502221636886	0.5702430022632283	304.4720786926501
E2-GP23-D7	4.631676732833981	0.023667850451422546	330.1649369071909	0.8337401277717489	258.7664367680005
E2-GP24-D1	4.096847201522206	0.04066991125923121	536.4386373635708	0.6711972214730962	445.34525411734637
E2-GP24-D2	5.1397570422064565	0.018341959527826836	1003.0630259355868	0.7664604132688734	813.7591947010266
E2-GP24-D3	4.376536506345481	0.05001918138649071	776.2405099009751	0.6759136497074846	644.5926850231125
E2-GP24-D4	4.351628872424232	0.03173573823006169	632.3212390351778	0.6974117015179655	513.3984802810285
E2-GP24-D5	4.555872835241362	0.02493496921037518	475.76077915346394	0.7528649572137907	426.2833151395331
E2-GP24-D6	4.6644684783304955	0.022260949199344512	351.624487626803	0.8273614919866406	281.205016091197
E2-GP24-D7	4.5461520033400245	0.028424156309777383	332.21731565072594	0.8195339780853041	258.59586505526295
E2-GP25-D2	4.714311093312732	0.02365822920420844	291.0706174784157	0.8611934888081054	238.11520507801546
E2-GP25-D3	3.73752685002377	0.028101377978687316	119.7794810309069	0.8636887764935492	76.12153533741352
E2-GP25-D4	3.7036890578487247	0.033788685225643385	55.44776328075519	0.9256534511932575	54.483822096720715
E2-GP25-D5	4.4794940608508105	0.01875668932022948	145.26870713525753	0.9022610900545734	143.47063675867668
E2-GP25-D6	4.7178173292798045	0.022846842059006865	273.0930375914125	0.8690728131599392	226.79357609504552
E2-GP25-D7	4.567020156142897	0.031321198674535936	258.1426528963654	0.8498555301921187	214.0052705435562
E2-GP25-D8	4.593619048649522	0.015748577692280722	152.18975676248334	0.9088962903833194	156.1286521483241
E2-GP25-day2_rep2	2.775544240163128	0.07568561489536263	29.472815748459325	0.8494295003664607	26.569080397981082
E2-GP25-day3_rep2	2.7849210488454035	0.07389183145181631	22.23538402315927	0.8977966070415131	22.23538402315927
E2-GP25-day3_rep3	2.5296051235266725	0.09476931547195391	20.311106827068663	0.8417005253644507	20.311106827068663
E2-GP25-day5_rep1	2.897749540836828	0.0627972307509965	31.63951762589563	0.8810407040780387	26.85484168743362
E2-GP25-day5_rep2	2.7999612673368963	0.06796363950397144	40.402057656877886	0.812005918296482	28.88461898284238
E2-GP25-day5_rep3	2.2536655116140847	0.1182011353567799	18.070883933901047	0.7915473640410389	17.306252737084534
E2-GP25-day8_rep3	3.2794656635843262	0.08929296387420566	71.57959274218831	0.7682151658842222	71.6154819052258
E2-GP26-D2	4.593381528363939	0.029594935913995903	277.1838633217011	0.8442158840425971	230.52081209343527
E2-GP26-D3	0.8457742867857048	0.7162310890834589	61.73638804036851	0.20629513753353015	59.65945257775152
E2-GP26-D4	0.3966409547600659	0.8502958487706604	55.97568227986552	0.10876525936883924	38.28170366644886
E2-GP26-D5	0.18833673250140112	0.9324301542781308	18.98534672395721	0.0743828883107776	13.247405235884772
E2-GP26-D6	0.26624396852967325	0.9195410331723504	133.8737975274543	0.06253783985584607	68.8274343595331
E2-GP26-D7	0.47569589231730947	0.8448818391476418	219.5541366044193	0.09733895701007816	131.0451194575782
E2-GP26-D8	2.0589368183811647	0.49124050402408936	266.6537648094005	0.3723190404147938	251.53186816722567
E2-GP27-D2	4.528186940519313	0.027293196041927176	269.877350828997	0.844729295538689	212.85881584759846
E2-GP27-D3	4.090418630875498	0.06815966639862935	151.596336721273	0.8209966021483768	145.58478819794226
E2-GP27-D4	0.27455072250477447	0.9166299170688195	49.225535008963774	0.0723873841009679	46.06565231706265
E2-GP27-D5	0.9539282013111582	0.5037195526586613	129.32379616404404	0.21539427378168186	83.82497635884975
E2-GP27-D6	0.686955760566187	0.7483908244667168	223.7283811566535	0.1431506970766218	118.44999030628291
E2-GP27-D7	0.8688233403898346	0.6267475051857402	209.37509629744383	0.179688140275719	128.2613424738547
E2-GP27-D8	1.8252578137529287	0.44625151912290056	267.4558904503836	0.33770563043838736	222.21966981332557
E2-GP27-day3_rep1	1.5292364677385892	0.4933157354948533	33.19679854911743	0.44588353880028886	30.701150082713767
E2-GP27-day3_rep2	1.3118014839431549	0.5883723580412233	38.00979088663614	0.3685358948116395	35.122319265908274
E2-GP27-day3_rep3	0.6669744303270597	0.779359269325577	27.07103610030708	0.21447660918937334	21.992410197184753
E2-GP27-day4_rep1	0.22851204502745062	0.915208548088043	34.290451354200414	0.06850422555841729	26.84236724281789
E2-GP27-day4_rep3	0.16485180429938381	0.9400502410258297	22.272199909179445	0.05703945151882911	17.787980261803185
E2-GP27-day6-100_rep1	0.42325064057013717	0.7875677743185576	16.95392586496327	0.16934065462477618	13.135596735420746
E2-GP27-day6-100_rep2	0.39798445283881023	0.8122701834693634	17.61536225233069	0.15928927083791677	12.664614577442874
E2-GP27-day6-100_rep3	0.3513724082419303	0.831872796906704	15.876430684823216	0.14003812348794753	12.02064305924369
E2-GP27-day6-10_rep1	0.4213542699847386	0.7983611744005652	22.614424288240254	0.15009387363006538	17.455034329120416
E2-GP27-day6-10_rep2	0.39897678442540807	0.8079199959091514	20.279645064841034	0.158354130903065	12.027265105015198
E2-GP27-day6-10_rep3	0.4115291207093247	0.8029444274339514	19.53479439711932	0.147968385970768	16.395519042190166
E2-GP27-day6_rep1	0.508572538331945	0.7679218611217538	28.410545262399086	0.17178729297770762	18.991694864856765
E2-GP27-day6_rep2	0.5285194066960529	0.7570953523770508	26.06987146857164	0.18356675224509256	18.071465325876
E2-GP27-day6_rep3	0.5357745001435856	0.7518505473779894	30.908926477283824	0.18525256868835738	18.1080559862903
E2-GP27-day8_rep1	0.6933224085694838	0.6221936026473011	26.492170393945713	0.22503244882217954	21.08661279582786
E2-GP27-day8_rep2	2.6853147112625613	0.25929010276692527	247.48882114156484	0.48990466585860315	238.23919382923447
E2-GP27-day8_rep3	0.7357584429010608	0.6152709857547685	29.750757055447313	0.22950992944273707	24.298336021250353
E2-GP28-D2	4.600809630710264	0.02641185690923237	334.37655036677194	0.8230450124596044	269.3633160535379
E2-GP28-D3	3.684701634852318	0.04907008190740299	67.75203259272537	0.877647145918224	66.61549814324883
E2-GP28-D4	1.039549793618246	0.46152049304401427	47.611481109477246	0.27110861290604843	46.75419108474126
E2-GP28-D5	0.48809320215773155	0.7974038736934088	20.22767687839322	0.1783515761666779	14.986904986108225
E2-GP28-D6	1.220622687688501	0.41523278592988994	204.460842535393	0.24701037104181078	140.87012642169103
E2-GP28-D7	1.2722720698869698	0.4001859182980358	125.9215546468485	0.2710750260464919	108.54430805489037
E2-GP28-D8	2.7198592469092135	0.221651282710228	253.72313214179678	0.5069820655588483	214.85858010450696
E2-GP29-D2	4.459264084486938	0.03585711447659591	278.8470880586189	0.8292832735342617	215.88072476979363
E2-GP29-D3	4.548193699326212	0.029183940356120534	299.30149932804403	0.8323510372150802	237.85584260969324
E2-GP29-D4	3.6671019970964407	0.06910898887001853	75.61087421237136	0.8544054459842589	73.68978393693389
E2-GP29-D5	0.173878771351353	0.9536206918596521	71.5201653099955	0.04357492044183875	53.759246046545414
E2-GP29-D6	0.026340347005602255	0.9933923097686629	48.67653002248322	0.00887380651709218	19.53749283640264
E2-GP29-D7	0.01650576067520125	0.9956140240872273	28.896428827749506	0.006176468690359774	13.184831777133638
E2-GP29-D8	0.22318397827673953	0.9450993651192261	202.14603897240562	0.047650142771307955	108.13535593537556
E2-GP30-D2	4.610568775226467	0.027400052758498668	300.7511714186249	0.8516982480796248	223.78862110893152
E2-GP30-D3	4.6613915087971	0.022539517411265825	300.12219127564714	0.8568428010719088	230.061436960386
E2-GP30-D4	3.568746605167648	0.031323201617186554	40.78397125188186	0.9578972868881834	41.209294662144195
E2-GP30-D5	4.01857684516154	0.02002664284614869	68.47838914209905	0.9522076806054612	67.94732447130039
E2-GP30-D6	4.335780968403623	0.01948035696998273	118.13321784788523	0.9039788561613432	120.99566393016464
E2-GP30-D7	4.535049826977899	0.027278070376377903	289.46690684953626	0.8373964641056669	224.79320116041475
E2-GP30-D8	4.546883105904568	0.01661043455630134	148.64624353586441	0.9075771200822335	149.85688173568036
E2-GP31-D2	4.683377280330257	0.020309826097518757	322.756372214413	0.851772439972448	245.26317101647672
E2-GP31-D3	4.785040981548879	0.02269366080325357	305.8399399476494	0.8682472920552056	247.03425378175118
E2-GP31-D4	4.416747203066235	0.04077746761403357	304.59890204926296	0.810517654583812	233.2527501745088
E2-GP31-D5	2.8899192895620622	0.20192407740377027	64.54013441151781	0.6978373535935282	62.79890129356019
E2-GP31-D6	0.33356762769417525	0.9175197840084557	57.98989375998632	0.08288925964765215	54.93059348139672
E2-GP31-D7	0.0550907135536602	0.9859112270563508	74.76719012757675	0.015943427887172484	30.193395084315362
E2-GP31-D8	0.040758843845623324	0.9901401480069012	57.209194371310744	0.012609977829717255	24.749094311595986
E2-GP32-D2	4.455096256846604	0.03511958698713104	274.47302006704854	0.8221356906109457	225.47698593923178
E2-GP32-D3	4.528918364432657	0.029320941608744995	282.4363578849058	0.8320562556280114	231.88060588503362
E2-GP32-D4	3.9740730843730647	0.020765059694110605	70.30876553745105	0.9464645778995174	66.58123993376134
E2-GP32-D5	4.532492050363541	0.01658561122977462	146.4487535447902	0.9061741819765112	148.8330463273305
E2-GP32-D6	4.565355738600089	0.028764607260358885	285.78239377060856	0.8366904261804422	232.30398059253014
E2-GP32-D7	4.55736353806257	0.032760287364176216	338.2791796549242	0.8205591041972631	257.1289418419126
E2-GP32-D8	4.353125163615081	0.018863429554528105	132.95379370859024	0.8959526809486338	128.66022209304202
E3-GP33-D1	5.427275564480798	0.008549354241272188	1038.7196750244389	0.8056577447531461	837.78060919238
E3-GP33-D2	5.929220770199629	0.005620855403499277	1386.4843130897186	0.8406204074536853	1161.9649266237238
E3-GP33-D3	5.688674552773586	0.007964980152786481	1253.086651323327	0.8170351685156384	1053.7170059818911
E3-GP33-D4	5.131773504464789	0.023497715799634628	916.3999169320579	0.7696952766866885	782.6121070358219
E3-GP33-D5	5.4072582828387485	0.011662495214071516	689.9652271399215	0.8409229819570408	621.8670555452823
E3-GP33-D6	5.342551297140435	0.014692450875362223	619.4265568236314	0.8534944471649752	521.4288359980192
E3-GP33-D7	5.4689445706155855	0.01278637332617059	711.1285627777879	0.8518304878733626	615.8144260985779
E3-GP34-D2	3.8812036064594775	0.026057597945293415	60.81667236603195	0.9367862292216191	63.072551793797665
E3-GP34-D3	1.3845079331307426	0.381514067378066	74.30039634295187	0.3326964841955855	63.163171006003815
E3-GP34-D4	1.374202058462505	0.4157546412185485	116.99971553993234	0.3156163856087679	77.68002791878523
E3-GP34-D5	1.775440999826002	0.3329612421200011	372.4190751239544	0.3228101490327259	247.02374957494212
E3-GP34-D6	1.621350331343105	0.39852341461243845	384.7967706201888	0.2974174427207502	234.30031992767613
E3-GP34-D7	1.6685078987412836	0.38647137229617884	198.57410158659064	0.32181640164415826	177.99242729985676
E3-GP34-D8	5.124067865375035	0.015711919044347517	515.3194228366433	0.8491854846541929	419.5105456776783
E3-GP35-D1	5.421136831202478	0.00916351352045618	941.5850746638678	0.8186598742660866	754.9713867838946
E3-GP35-D2	5.576230644150132	0.010170997207961222	1067.4589065482362	0.8192687146397148	903.6860958781168
E3-GP35-D3	4.522475738075086	0.06728802675195066	949.4697695091154	0.6793450287221601	776.4092908723769
E3-GP35-D4	5.134004009533001	0.02204660615706107	703.2588290994114	0.8019395986756517	599.7044148530998
E3-GP35-D5	5.293331470849368	0.01440919645745831	651.244951220369	0.8434593682321907	531.8405632608949
E3-GP35-D6	5.027986195862295	0.02199563384425709	614.2534533987455	0.8077486758678217	500.85573234229014
E3-GP35-D7	4.853313467889054	0.03170217072599118	536.9998050237075	0.7922825725682808	461.36435004435737
E3-GP36-D2	3.5238301940182364	0.03214184154728478	50.937027898408054	0.9257151764879029	45.04725349456843
E3-GP36-D3	1.5274994727756233	0.3479627431063553	88.56253552481887	0.3449792837524561	84.63233083783258
E3-GP36-D4	2.467616233177522	0.25458404616518426	569.456110757	0.415054653430713	380.3840212343651
E3-GP36-D5	1.8561788969571034	0.24695314977298852	51.951918508215854	0.4822525491588078	47.55287840784573
E3-GP36-D6	2.105335687794555	0.317278195280672	522.720865844291	0.35998935699639606	350.3941008773544
E3-GP36-D7	3.3953867307665897	0.17040299238474063	673.8310410611107	0.5361858644244306	566.6140552467425
E3-GP36-D8	3.9243773311878076	0.04371727682689395	148.68018451972662	0.8019147945220323	133.5964142177016
E3-GP37-D1	5.343084854763841	0.011560267707140486	1076.9111376565659	0.7849060447117941	902.1795603327488
E3-GP37-D2	5.726699351975557	0.009124679195304559	1287.8224291349347	0.8179282487587516	1098.641326756647
E3-GP37-D3	5.594978131671853	0.009013130749863584	1264.3140197492214	0.8040433211310322	1051.3177046074306
E3-GP37-D4	5.854359834733422	0.0060829283913814225	1096.9094844344509	0.8517099215852258	969.3870445526561
E3-GP37-D5	5.126641228182846	0.018096504729154694	589.3308585970004	0.8247509996799971	500.9658183511554
E3-GP37-D6	5.154131594393208	0.019656156862649654	608.8473390447886	0.8227336280917703	524.9245823064168
E3-GP37-D7	5.127004857714362	0.016616410133189083	610.9852519043847	0.8251602557834766	499.1391073522061
E3-GP38-D2	3.7367326859300034	0.02730179753810635	60.46925784244122	0.9377453028905665	53.834936628834335
E3-GP38-D3	1.542919846888374	0.3900692500479781	103.03104750871155	0.3405933248854731	92.56336705781327
E3-GP38-D4	2.577159997411384	0.21194227873552546	526.5529485265096	0.43727013282252547	365.89036706410315
E3-GP38-D5	1.889483612144744	0.2944760725082149	117.26797282202651	0.41317572406186875	95.06050745895756
E3-GP38-D6	2.5533603886975813	0.22101755371921647	531.5299664338347	0.4286847081949289	384.90656913757437
E3-GP38-D7	4.555261040769178	0.044798319117318325	610.4051486135854	0.7274844285305051	526.4032395695169
E3-GP38-D8	4.098954679168652	0.02771894332922476	127.36133355785	0.8618804771112517	115.39161868894949
E3-GP39-D1	5.1140677995854755	0.016129147451751757	825.7799932801282	0.7779482290857082	717.0288722401428
E3-GP39-D2	5.351072635253622	0.016177433461893473	1094.1297386076176	0.7860754936791025	903.466044816023
E3-GP39-D3	4.7983021588979575	0.025815352166456345	879.7925060459162	0.7313301254823518	705.6153364879276
E3-GP39-D4	5.038778484896206	0.01728587695640548	560.3910238751431	0.8116519672072866	496.86123620525075
E3-GP39-D5	5.105219326866287	0.017069668673756717	569.4493261116288	0.8226347803471864	499.18599533132715
E3-GP39-D6	5.349161027979184	0.016585588142076682	786.8157795838263	0.8195634453412675	685.2528492304074
E3-GP39-D7	5.144073068756256	0.017806743976860953	541.5804277518384	0.838368046510475	464.5232722895245
E3-GP40-D2	3.7502032178918157	0.032519271170213936	120.58009225276295	0.8443915672722131	85.72896662152273
E3-GP40-D3	4.233833974553168	0.024156548041646988	142.12332017896443	0.88165590838707	121.59119740955852
E3-GP40-D4	2.3499619588732537	0.16748111138668192	167.87497782730264	0.47876279911299136	137.5062776890181
E3-GP40-D5	2.5240289095050583	0.17180244847743337	196.07140431234518	0.4950483265055341	161.53792158110878
E3-GP40-D6	2.4907949542953434	0.19388183724902006	365.32949526182136	0.4493799037349474	256.3910394611894
E3-GP40-D7	2.718919883080143	0.19850626042091765	454.5994776480931	0.4579697339504984	375.5777649363805
E3-GP40-D8	3.4448919332085333	0.09156522291601271	137.3419247897315	0.7071511579391165	130.17942484904438
E3-GP41-D1	4.848888256006495	0.018740077033225142	931.6011323171776	0.7307509330618137	759.8487361570977
E3-GP41-D2	6.030200007308392	0.005397082674786514	1535.9485872515188	0.8432081705384817	1277.0832031291288
E3-GP41-D3	5.532623940656769	0.010136019467549044	1236.218381662554	0.7975655173497295	1030.9669723423772
E3-GP41-D4	5.440755188507254	0.009841758130662402	713.4058862888862	0.8393331424970152	656.1277846761682
E3-GP41-D5	5.375341686787663	0.012168548750164421	557.3348182434869	0.8625265937556036	508.8766131792432
E3-GP41-D6	5.09465869786686	0.021415407368467837	525.2735197506157	0.8413443972523743	428.05257105281123
E3-GP41-D7	5.004917962494638	0.023355211341079485	553.6190825274208	0.8161853144059728	462.5474182577117
E3-GP42-D2	5.303341270685034	0.018403992474751968	831.8538292520234	0.8047900410728002	720.964863515259
E3-GP42-D3	2.217912310716178	0.26631883523677136	51.592059805094934	0.5706104262641936	48.45691478196911
E3-GP42-D4	1.4313300006933345	0.31636552438080195	71.25441075936428	0.3500505901302873	59.28896175634001
E3-GP42-D5	1.4892800669034867	0.31562432747999475	42.236883926323685	0.42821395486715924	32.19492248887731
E3-GP42-D6	1.6980248757095504	0.31543339700976036	322.8904690507606	0.32791542865490075	180.56596399649095
E3-GP42-D7	1.9728214033576226	0.33518719598023905	434.33012075901627	0.3387679708505792	337.58644763909797
E3-GP42-D8	2.704305963988971	0.19620425540771813	141.70069165563976	0.5535719272443139	132.76084009732105
E3-GP42-day5-100_rep1	1.3788492307086375	0.3321662863118008	33.63051687422811	0.4229049477827107	26.487968687144267
E3-GP42-day5-100_rep2	1.167920969881486	0.3657851617909287	23.26713286412582	0.3956996980663785	19.39331831365412
E3-GP42-day5-100_rep3	1.4063544588914998	0.32179423740181157	37.78632081640018	0.4455330382021391	23.756553423418325
E3-GP42-day5-10_rep1	1.1785976804721154	0.35539207065609907	30.873867336242355	0.3671516444583355	24.493502450292542
E3-GP42-day5-10_rep2	1.1869187568807162	0.3588673726802343	32.78849526211631	0.36580960844704014	25.911031052479338
E3-GP42-day5-10_rep3	1.1884939707218045	0.3570429161725617	35.08422414782007	0.37219919988362143	23.987389873317305
E3-GP43-D1	4.292022540320728	0.03800905210598317	766.9759633447903	0.6684045271376985	618.3239196433177
E3-GP43-D2	5.545283340487154	0.009701493985411322	1222.866105476891	0.8003437942869317	1026.6019444013725
E3-GP43-D3	5.263027301041438	0.013262310488908174	1098.5650121441859	0.7729331559534719	914.0863705035073
E3-GP43-D4	5.367260459728267	0.010772424040117957	737.129813949065	0.825393782438343	664.9081562104591
E3-GP43-D5	5.273167890531855	0.016033524223863845	673.4837394343314	0.8255483992599528	596.2396717877566
E3-GP43-D6	5.22223550788596	0.014363471178477695	461.41131233769437	0.874632989325084	389.86776319247895
E3-GP43-D7	5.1930425020048565	0.015905198744085965	555.0456324642101	0.8437336163045681	471.6078148092583
E3-GP44-D2	3.6899645372905936	0.02597842040195899	45.482284962328066	0.9755587599281289	43.79405365985895
E3-GP44-D3	3.8186401788784616	0.031180489798308543	65.88997010328865	0.9184466681080611	64.09299850862192
E3-GP44-D4	0.5177439627232217	0.7612618340912217	66.44870302518898	0.13080903594419235	49.81622385634947
E3-GP44-D5	0.9362721947910562	0.4519140669244209	54.09812047156371	0.2836793415205825	27.574490316388477
E3-GP44-D6	1.4231888534681993	0.3770463806046641	342.330036433682	0.26750625053338595	204.27715042575127
E3-GP44-D7	1.342518138202278	0.3985484418352675	364.7840942229363	0.24673204836658846	231.72376044327444
E3-GP44-D8	1.1548578329609334	0.44903156039957126	145.444868564358	0.24182083241765884	119.22124065870861
E3-GP45-D1	4.590993083421959	0.032339050412250804	803.4092171839276	0.7026669212811882	679.5661477489579
E3-GP45-D2	5.864188834293319	0.006203921795683907	1393.9772913489599	0.8321405980507894	1151.4865594564246
E3-GP45-D3	5.2153476945445725	0.019478771379574364	1099.9044458050212	0.7651477054406582	916.4047906296817
E3-GP45-D4	5.210573822126687	0.016232063228949857	1022.1652282436983	0.7750580648597837	826.7515689549133
E3-GP45-D5	5.250807191618956	0.01680288835345089	586.4915660478292	0.8352125062938418	541.2873239244153
E3-GP45-D6	5.234785123966192	0.01969505659442971	650.6502520379676	0.8244806055040187	567.9939465111146
E3-GP45-D7	4.861000118223567	0.02763461424054562	483.10841042239707	0.805309615829097	419.20572341842086
E3-GP46-D2	5.0294768848729	0.019678227361111307	490.6697729800979	0.8403534788151674	398.05688654657604
E3-GP46-D3	3.3468311939912634	0.03839077878371985	37.9505176819519	0.9321267838240748	36.188705446673914
E3-GP46-D4	0.16808124583770476	0.9599355478189605	58.909844907642984	0.04282881542828065	49.83498082827483
E3-GP46-D5	0.02994998476720534	0.9926025835327016	37.05249012068216	0.010734695453312924	16.803805650606186
E3-GP46-D6	0.7269450457839779	0.8233234471713257	437.43668764992043	0.12843160070919138	280.38195584480593
E3-GP46-D7	0.7489564879039601	0.8186226578398498	338.3441266861626	0.13506129488998536	256.1994247578544
E3-GP46-D8	0.5530061000422439	0.8625042077429703	139.67469109584425	0.11564476760046	118.25599732930574
E3-GP47-D1	5.298974732166681	0.009692293342596003	965.5336371719716	0.797792914813349	766.971749652321
E3-GP47-D2	5.6442371783118785	0.008020096897495704	1268.0185232387848	0.8117576130522477	1043.7815530206947
E3-GP47-D3	5.419587604090612	0.008382207100359822	988.6967402826075	0.8084744241784122	814.3675701258682
E3-GP47-D4	5.386495191336703	0.009435096089571462	663.1184812679851	0.8372769359554504	619.5193656560191
E3-GP47-D5	5.21322399642446	0.015559231481269005	446.75789748430594	0.8672598175450856	407.8238706230779
E3-GP47-D6	4.87509049863449	0.02683071513719216	390.0051172641846	0.8317506898025444	351.3574201521599
E3-GP47-D7	5.145925773023604	0.015103276480758284	511.1662973428201	0.85862115482199	400.1014605628717
E3-GP48-D2	3.493702170421978	0.03370862459560356	52.19363000703545	0.9306817671042918	42.71619973005786
E3-GP48-D3	2.1199843240180116	0.33966288317250026	59.88990648247979	0.524193021849912	56.6786097471384
E3-GP48-D4	0.6432866732832928	0.7511728655801331	127.43747807817938	0.1396586503224952	101.54444067496125
E3-GP48-D5	0.6134530402061062	0.7546050058210099	209.87972377564273	0.13245194865668758	102.25048751315532
E3-GP48-D6	0.5154732651942681	0.8112679902436813	202.9005475683275	0.11251943355856603	98.38868574258683
E3-GP48-D7	1.3532424535636887	0.6052602820050085	399.87620046736555	0.2348576236640526	312.17844172632056
E3-GP48-D8	2.8562270744809197	0.2622474129535758	174.4654047757977	0.5542614319300632	172.0649512474492
E3-GP48-day3_rep1	0.47468999969227754	0.7735626551620045	16.52510570892178	0.21223150669502022	9.690378880195446
E3-GP48-day3_rep2	0.4890130063945807	0.7634227380779469	10.810571768431618	0.2324616986349328	8.06334627343689
E3-GP48-day3_rep3	0.8026050457615219	0.640447670848687	13.40397406924458	0.31570545123229954	12.911651958000123
E3-GP48-day6_rep1	0.2607772748370597	0.9033954997604982	25.551985120569288	0.08574381953161234	21.522370422808784
E3-GP48-day6_rep2	0.23986319469537548	0.9092155506135817	22.473457658403696	0.083305559075225	18.26049761343672
E3-GP48-day6_rep3	0.23931538732456986	0.9161318337287374	29.847942802101045	0.07424370259910351	23.844173574730668
E3-GP48-day7-100_rep1	0.4125083123398632	0.8227826358757454	13.661352629013933	0.17909733903256453	9.841242747668858
E3-GP48-day7-100_rep2	0.14893230331255486	0.9406696257503204	12.313417820738245	0.07034522034119203	7.884432948275459
E3-GP48-day7-100_rep3	0.8516436219126459	0.6472075838761255	21.743172788937137	0.3309600890307369	13.713031409547304
E3-GP48-day7-10_rep1	0.37579447525731435	0.8437331492830666	26.088038619783187	0.13075983295086696	18.432461904773447
E3-GP48-day7-10_rep2	0.3605745807297843	0.8364759262049184	19.553629683430266	0.13750027213513805	13.795609807159078
E3-GP48-day7-10_rep3	0.5263617053464344	0.7736421750338776	24.100072034277183	0.1796168089123672	18.25441492808481
E3-GP48-day8_rep1	0.448485953880578	0.7980322580786832	30.632829082777324	0.17495718624751788	10.100514414219452
E3-GP48-day8_rep2	1.626136308122641	0.465660347422282	37.970916998595406	0.44710712757491955	37.970916998595406
E3-GP48-day8_rep3	0.42602716292433873	0.8085041888084157	48.24629024596686	0.0661872667829706	18.303455948484583
E5-GP73-D02	1.3544486150915027	0.32942750717992875	58.39510615588882	0.35853702233499674	43.9185610162937
E5-GP73-D03	1.782623646606514	0.23545918106161806	84.94177359978298	0.43997703997753324	57.85620031332566
E5-GP73-D04	1.8112289049293844	0.1981367847119963	79.52795185134157	0.45024498687757764	55.107276606216764
E5-GP74-D04	0.07582673671948187	0.9810524592636344	36.158723398142826	0.023443136270651622	25.593430822691374
E5-GP75-D03	0.027969094742942326	0.9933000376830697	26.776951264684577	0.009714452958378625	16.923804883200074
E5-GP75-D04	0.026231545245600372	0.9939395351812487	23.796211239178295	0.009409851954255657	16.313500935579846
E5-GP76-D02	0.8804157838949168	0.49712145068889557	34.6990072387638	0.26866580210471236	25.836280148986035
E5-GP76-D03	1.2059013142058292	0.41000180714643397	55.46505539808322	0.33921948939461954	34.98365473006633
E5-GP76-D04	1.3516706869793644	0.34212791353906163	48.73938525137142	0.38737585128523655	32.43249058977046
E5-GP77-D02	1.365109526114731	0.32097374825911906	59.2282592468294	0.3553731028551623	45.61757251243759
E5-GP77-D03	1.7014979844408296	0.249351576683487	94.0601787493477	0.39003403124392555	77.84870626357258
E5-GP77-D04	1.766269525579659	0.2555581384719543	97.48816215689753	0.4086937886549929	75.61823628455414
E5-GP78-D02	0.8669435278110835	0.4928365447099132	24.806022932079458	0.3117102351550045	16.73608597832707
E5-GP78-D03	0.46491477289932204	0.7748805245070297	27.52437822070289	0.17671418257129246	14.926762200985925
E5-GP78-D04	0.658516081463276	0.6572127799880177	22.840492534179848	0.24471484109900432	14.898010638933016
E5-GP79-D01	0.21184832698767583	0.9307451705975913	30.55782850569452	0.06631749230507952	24.95086974934887
E5-GP79-D02	0.7062799163535581	0.7312897115310484	62.81145503408844	0.18071762632971086	50.0380870058612
E5-GP79-D03	0.8774683905278229	0.6715113501220505	79.33054811720636	0.2219452142898503	52.653394836192774
E5-GP79-D04	0.7002194724013309	0.7285705266590281	64.5058995133392	0.18469137643625622	44.677486464756626
E5-GP80-D01	0.13429910544774135	0.9647190897119923	42.04411981559374	0.037959844085048405	34.7615948316513
E5-GP80-D02	1.0875782973936177	0.6406514624821995	107.72535986101431	0.2432354571292115	86.40836340756005
E5-GP80-D03	1.0448513463702458	0.596142008222685	71.06035308255204	0.25770696249579556	57.58612673514054
E5-GP80-D04	0.6402117699427654	0.7532868563918054	54.59952403095356	0.16593350910988602	45.37312843044946
E5-GP81-D01	0.8551742081751583	0.6480520525141046	31.84920049654579	0.27407135527981974	22.124614236008256
E5-GP81-D02	1.0192096869930178	0.5457980464033896	83.2408789828753	0.24604510123973006	62.246190232250974
E5-GP81-D03	1.0560971164831945	0.5024140100958906	79.0849891288757	0.25706373973582364	62.56367651052011
E5-GP81-D04	1.27251302568687	0.39646124344451616	86.1227745617738	0.3025472864304132	66.04863582164828
E5-GP82-D01	1.907077441817918	0.23841152456166897	50.295156058629885	0.5190191071062213	39.46259585421559
E5-GP82-D02	3.1881054423400275	0.091230583365564	322.74565011227367	0.5819420451776802	241.53609569757643
E5-GP82-D03	2.9518156443998205	0.11473506667745373	283.94459297586775	0.5492371903118677	213.90548459911125
E5-GP82-D04	2.09123203559026	0.22922439242068332	147.82962960660814	0.44178452116755595	114.5117628347075
E5-GP83-D01	1.5147090096389269	0.3001182793625013	59.94189627882559	0.41120465635643433	39.52870799819886
E5-GP83-D02	2.4431137655077504	0.14514749618663148	166.8236034820891	0.5009271702979121	131.02324503688632
E5-GP83-D03	2.3597233501994697	0.1508680888218026	162.82589629000768	0.4923149111201178	121.14602152083232
E5-GP83-D04	1.9896124854752872	0.21946468616070858	115.16264310782506	0.4509356023332842	82.0238255691587
E5-GP84-D02	3.034529231882802	0.11089306775395177	274.9942927247445	0.5749421762717453	196.525486146149
E5-GP84-D03	2.965984906607976	0.11486332047706838	280.0115187232561	0.5537320095657751	212.92079819986398
E5-GP84-D04	2.9989878962963727	0.09024765244753127	204.9325539211507	0.5932362488929196	156.19058997522836
E5-GP85-D01	1.797165318725292	0.25893537571494774	100.21969734529978	0.4037795588388933	84.70412196644656
E5-GP85-D02	3.20391746056292	0.11555704728385982	357.74885628906526	0.5704058286898672	277.0525229062947
E5-GP85-D03	2.772790915069346	0.1321563414760573	259.54856880427064	0.518692632289891	208.99611315010955
E5-GP85-D04	2.6686838658903205	0.11498282794955128	178.81220526195727	0.5428229186848994	135.53450354637548
E5-GP86-D01	2.1197820561192176	0.2306940288338801	115.89477352537253	0.4691252956635431	91.8907597579047
E5-GP86-D02	3.5780228991887313	0.057484246573556434	375.59049775875064	0.6341872932346094	279.8577906803396
E5-GP86-D03	2.913230990283573	0.13845513868972012	278.37837583363097	0.5460069055896535	209.19271546638788
E5-GP86-D04	2.0673601439673877	0.3068735638693602	134.69802792957503	0.4407928626809853	105.77420380661819
E5-GP87-D01	1.6860350836568736	0.2981629074441907	92.88315526531767	0.40638502698899903	62.37487343576291
E5-GP87-D02	3.15524313982632	0.07334083475987467	273.5224963802279	0.5833290738877777	223.39007767131102
E5-GP87-D03	2.70635527518965	0.10613937453239955	195.58572215492208	0.5428770035383733	146.4188455709137
E5-GP87-D04	2.363615205730901	0.1445274543808763	118.14900940802181	0.5356042495352065	83.63434063831019
E5-GP88-D01	1.9619985132272308	0.2984621314728621	154.06538336112382	0.40989400816049787	120.5773604856275
E5-GP88-D02	2.7719077495499613	0.17359614267796492	246.56962032796935	0.519590783389919	205.05886788157056
E5-GP88-D03	2.1219177387162986	0.1937207040836826	124.39790647808942	0.460071015687911	99.79649857540007
E5-GP88-D04	1.7119567263403246	0.29823126524035926	78.95337929718109	0.428736896456891	53.96191164623002
E5-GP89-D01	3.1539658638426586	0.09631632286888389	340.1533576478212	0.566399803110728	262.5195512156024
E5-GP89-D02	4.374502049862409	0.030082942834916464	608.8596738807138	0.710570933857238	471.35509286235737
E5-GP89-D03	4.030258508452314	0.03428894862893497	482.6615693367052	0.6786491885141976	380.2674580781576
E5-GP89-D04	3.7788425674432835	0.039842665009498346	252.81627935730307	0.7121408683585566	203.74939398371734
E5-GP90-D01	3.334177807563853	0.11754355083974496	505.42364876878503	0.5475628727268975	438.6986131065326
E5-GP90-D02	5.233344508687775	0.012469824861637564	1012.7367791562182	0.7804685751281907	811.6518503659408
E5-GP90-D03	4.562095386615147	0.025811219518822245	546.8447479790983	0.7393929366235963	478.50409281866075
E5-GP90-D04	4.337966506966318	0.02614046767330202	450.7401485171923	0.7362790421670371	361.64668085422005
